constraints for head on collision avoidance
-6 -26 -51 -81 0
-31 -1 -76 -56 0
-2 -26 -51 -77 0
-27 -1 -76 -52 0
-7 -27 -52 -82 0
-32 -2 -77 -57 0
-3 -27 -52 -78 0
-28 -2 -77 -53 0
-8 -28 -53 -83 0
-33 -3 -78 -58 0
-4 -28 -53 -79 0
-29 -3 -78 -54 0
-9 -29 -54 -84 0
-34 -4 -79 -59 0
-5 -29 -54 -80 0
-30 -4 -79 -55 0
-10 -30 -55 -85 0
-35 -5 -80 -60 0
-11 -31 -56 -86 0
-36 -6 -81 -61 0
-7 -31 -56 -82 0
-32 -6 -81 -57 0
-12 -32 -57 -87 0
-37 -7 -82 -62 0
-8 -32 -57 -83 0
-33 -7 -82 -58 0
-13 -33 -58 -88 0
-38 -8 -83 -63 0
-9 -33 -58 -84 0
-34 -8 -83 -59 0
-14 -34 -59 -89 0
-39 -9 -84 -64 0
-10 -34 -59 -85 0
-35 -9 -84 -60 0
-15 -35 -60 -90 0
-40 -10 -85 -65 0
-16 -36 -61 -91 0
-41 -11 -86 -66 0
-12 -36 -61 -87 0
-37 -11 -86 -62 0
-17 -37 -62 -92 0
-42 -12 -87 -67 0
-13 -37 -62 -88 0
-38 -12 -87 -63 0
-18 -38 -63 -93 0
-43 -13 -88 -68 0
-14 -38 -63 -89 0
-39 -13 -88 -64 0
-19 -39 -64 -94 0
-44 -14 -89 -69 0
-15 -39 -64 -90 0
-40 -14 -89 -65 0
-20 -40 -65 -95 0
-45 -15 -90 -70 0
-21 -41 -66 -96 0
-46 -16 -91 -71 0
-17 -41 -66 -92 0
-42 -16 -91 -67 0
-22 -42 -67 -97 0
-47 -17 -92 -72 0
-18 -42 -67 -93 0
-43 -17 -92 -68 0
-23 -43 -68 -98 0
-48 -18 -93 -73 0
-19 -43 -68 -94 0
-44 -18 -93 -69 0
-24 -44 -69 -99 0
-49 -19 -94 -74 0
-20 -44 -69 -95 0
-45 -19 -94 -70 0
-25 -45 -70 -100 0
-50 -20 -95 -75 0
-22 -46 -71 -97 0
-47 -21 -96 -72 0
-23 -47 -72 -98 0
-48 -22 -97 -73 0
-24 -48 -73 -99 0
-49 -23 -98 -74 0
-25 -49 -74 -100 0
-50 -24 -99 -75 0
-56 -76 -101 -131 0
-81 -51 -126 -106 0
-52 -76 -101 -127 0
-77 -51 -126 -102 0
-57 -77 -102 -132 0
-82 -52 -127 -107 0
-53 -77 -102 -128 0
-78 -52 -127 -103 0
-58 -78 -103 -133 0
-83 -53 -128 -108 0
-54 -78 -103 -129 0
-79 -53 -128 -104 0
-59 -79 -104 -134 0
-84 -54 -129 -109 0
-55 -79 -104 -130 0
-80 -54 -129 -105 0
-60 -80 -105 -135 0
-85 -55 -130 -110 0
-61 -81 -106 -136 0
-86 -56 -131 -111 0
-57 -81 -106 -132 0
-82 -56 -131 -107 0
-62 -82 -107 -137 0
-87 -57 -132 -112 0
-58 -82 -107 -133 0
-83 -57 -132 -108 0
-63 -83 -108 -138 0
-88 -58 -133 -113 0
-59 -83 -108 -134 0
-84 -58 -133 -109 0
-64 -84 -109 -139 0
-89 -59 -134 -114 0
-60 -84 -109 -135 0
-85 -59 -134 -110 0
-65 -85 -110 -140 0
-90 -60 -135 -115 0
-66 -86 -111 -141 0
-91 -61 -136 -116 0
-62 -86 -111 -137 0
-87 -61 -136 -112 0
-67 -87 -112 -142 0
-92 -62 -137 -117 0
-63 -87 -112 -138 0
-88 -62 -137 -113 0
-68 -88 -113 -143 0
-93 -63 -138 -118 0
-64 -88 -113 -139 0
-89 -63 -138 -114 0
-69 -89 -114 -144 0
-94 -64 -139 -119 0
-65 -89 -114 -140 0
-90 -64 -139 -115 0
-70 -90 -115 -145 0
-95 -65 -140 -120 0
-71 -91 -116 -146 0
-96 -66 -141 -121 0
-67 -91 -116 -142 0
-92 -66 -141 -117 0
-72 -92 -117 -147 0
-97 -67 -142 -122 0
-68 -92 -117 -143 0
-93 -67 -142 -118 0
-73 -93 -118 -148 0
-98 -68 -143 -123 0
-69 -93 -118 -144 0
-94 -68 -143 -119 0
-74 -94 -119 -149 0
-99 -69 -144 -124 0
-70 -94 -119 -145 0
-95 -69 -144 -120 0
-75 -95 -120 -150 0
-100 -70 -145 -125 0
-72 -96 -121 -147 0
-97 -71 -146 -122 0
-73 -97 -122 -148 0
-98 -72 -147 -123 0
-74 -98 -123 -149 0
-99 -73 -148 -124 0
-75 -99 -124 -150 0
-100 -74 -149 -125 0
-106 -126 -151 -181 0
-131 -101 -176 -156 0
-102 -126 -151 -177 0
-127 -101 -176 -152 0
-107 -127 -152 -182 0
-132 -102 -177 -157 0
-103 -127 -152 -178 0
-128 -102 -177 -153 0
-108 -128 -153 -183 0
-133 -103 -178 -158 0
-104 -128 -153 -179 0
-129 -103 -178 -154 0
-109 -129 -154 -184 0
-134 -104 -179 -159 0
-105 -129 -154 -180 0
-130 -104 -179 -155 0
-110 -130 -155 -185 0
-135 -105 -180 -160 0
-111 -131 -156 -186 0
-136 -106 -181 -161 0
-107 -131 -156 -182 0
-132 -106 -181 -157 0
-112 -132 -157 -187 0
-137 -107 -182 -162 0
-108 -132 -157 -183 0
-133 -107 -182 -158 0
-113 -133 -158 -188 0
-138 -108 -183 -163 0
-109 -133 -158 -184 0
-134 -108 -183 -159 0
-114 -134 -159 -189 0
-139 -109 -184 -164 0
-110 -134 -159 -185 0
-135 -109 -184 -160 0
-115 -135 -160 -190 0
-140 -110 -185 -165 0
-116 -136 -161 -191 0
-141 -111 -186 -166 0
-112 -136 -161 -187 0
-137 -111 -186 -162 0
-117 -137 -162 -192 0
-142 -112 -187 -167 0
-113 -137 -162 -188 0
-138 -112 -187 -163 0
-118 -138 -163 -193 0
-143 -113 -188 -168 0
-114 -138 -163 -189 0
-139 -113 -188 -164 0
-119 -139 -164 -194 0
-144 -114 -189 -169 0
-115 -139 -164 -190 0
-140 -114 -189 -165 0
-120 -140 -165 -195 0
-145 -115 -190 -170 0
-121 -141 -166 -196 0
-146 -116 -191 -171 0
-117 -141 -166 -192 0
-142 -116 -191 -167 0
-122 -142 -167 -197 0
-147 -117 -192 -172 0
-118 -142 -167 -193 0
-143 -117 -192 -168 0
-123 -143 -168 -198 0
-148 -118 -193 -173 0
-119 -143 -168 -194 0
-144 -118 -193 -169 0
-124 -144 -169 -199 0
-149 -119 -194 -174 0
-120 -144 -169 -195 0
-145 -119 -194 -170 0
-125 -145 -170 -200 0
-150 -120 -195 -175 0
-122 -146 -171 -197 0
-147 -121 -196 -172 0
-123 -147 -172 -198 0
-148 -122 -197 -173 0
-124 -148 -173 -199 0
-149 -123 -198 -174 0
-125 -149 -174 -200 0
-150 -124 -199 -175 0
-156 -176 -201 -231 0
-181 -151 -226 -206 0
-152 -176 -201 -227 0
-177 -151 -226 -202 0
-157 -177 -202 -232 0
-182 -152 -227 -207 0
-153 -177 -202 -228 0
-178 -152 -227 -203 0
-158 -178 -203 -233 0
-183 -153 -228 -208 0
-154 -178 -203 -229 0
-179 -153 -228 -204 0
-159 -179 -204 -234 0
-184 -154 -229 -209 0
-155 -179 -204 -230 0
-180 -154 -229 -205 0
-160 -180 -205 -235 0
-185 -155 -230 -210 0
-161 -181 -206 -236 0
-186 -156 -231 -211 0
-157 -181 -206 -232 0
-182 -156 -231 -207 0
-162 -182 -207 -237 0
-187 -157 -232 -212 0
-158 -182 -207 -233 0
-183 -157 -232 -208 0
-163 -183 -208 -238 0
-188 -158 -233 -213 0
-159 -183 -208 -234 0
-184 -158 -233 -209 0
-164 -184 -209 -239 0
-189 -159 -234 -214 0
-160 -184 -209 -235 0
-185 -159 -234 -210 0
-165 -185 -210 -240 0
-190 -160 -235 -215 0
-166 -186 -211 -241 0
-191 -161 -236 -216 0
-162 -186 -211 -237 0
-187 -161 -236 -212 0
-167 -187 -212 -242 0
-192 -162 -237 -217 0
-163 -187 -212 -238 0
-188 -162 -237 -213 0
-168 -188 -213 -243 0
-193 -163 -238 -218 0
-164 -188 -213 -239 0
-189 -163 -238 -214 0
-169 -189 -214 -244 0
-194 -164 -239 -219 0
-165 -189 -214 -240 0
-190 -164 -239 -215 0
-170 -190 -215 -245 0
-195 -165 -240 -220 0
-171 -191 -216 -246 0
-196 -166 -241 -221 0
-167 -191 -216 -242 0
-192 -166 -241 -217 0
-172 -192 -217 -247 0
-197 -167 -242 -222 0
-168 -192 -217 -243 0
-193 -167 -242 -218 0
-173 -193 -218 -248 0
-198 -168 -243 -223 0
-169 -193 -218 -244 0
-194 -168 -243 -219 0
-174 -194 -219 -249 0
-199 -169 -244 -224 0
-170 -194 -219 -245 0
-195 -169 -244 -220 0
-175 -195 -220 -250 0
-200 -170 -245 -225 0
-172 -196 -221 -247 0
-197 -171 -246 -222 0
-173 -197 -222 -248 0
-198 -172 -247 -223 0
-174 -198 -223 -249 0
-199 -173 -248 -224 0
-175 -199 -224 -250 0
-200 -174 -249 -225 0
-206 -226 -251 -281 0
-231 -201 -276 -256 0
-202 -226 -251 -277 0
-227 -201 -276 -252 0
-207 -227 -252 -282 0
-232 -202 -277 -257 0
-203 -227 -252 -278 0
-228 -202 -277 -253 0
-208 -228 -253 -283 0
-233 -203 -278 -258 0
-204 -228 -253 -279 0
-229 -203 -278 -254 0
-209 -229 -254 -284 0
-234 -204 -279 -259 0
-205 -229 -254 -280 0
-230 -204 -279 -255 0
-210 -230 -255 -285 0
-235 -205 -280 -260 0
-211 -231 -256 -286 0
-236 -206 -281 -261 0
-207 -231 -256 -282 0
-232 -206 -281 -257 0
-212 -232 -257 -287 0
-237 -207 -282 -262 0
-208 -232 -257 -283 0
-233 -207 -282 -258 0
-213 -233 -258 -288 0
-238 -208 -283 -263 0
-209 -233 -258 -284 0
-234 -208 -283 -259 0
-214 -234 -259 -289 0
-239 -209 -284 -264 0
-210 -234 -259 -285 0
-235 -209 -284 -260 0
-215 -235 -260 -290 0
-240 -210 -285 -265 0
-216 -236 -261 -291 0
-241 -211 -286 -266 0
-212 -236 -261 -287 0
-237 -211 -286 -262 0
-217 -237 -262 -292 0
-242 -212 -287 -267 0
-213 -237 -262 -288 0
-238 -212 -287 -263 0
-218 -238 -263 -293 0
-243 -213 -288 -268 0
-214 -238 -263 -289 0
-239 -213 -288 -264 0
-219 -239 -264 -294 0
-244 -214 -289 -269 0
-215 -239 -264 -290 0
-240 -214 -289 -265 0
-220 -240 -265 -295 0
-245 -215 -290 -270 0
-221 -241 -266 -296 0
-246 -216 -291 -271 0
-217 -241 -266 -292 0
-242 -216 -291 -267 0
-222 -242 -267 -297 0
-247 -217 -292 -272 0
-218 -242 -267 -293 0
-243 -217 -292 -268 0
-223 -243 -268 -298 0
-248 -218 -293 -273 0
-219 -243 -268 -294 0
-244 -218 -293 -269 0
-224 -244 -269 -299 0
-249 -219 -294 -274 0
-220 -244 -269 -295 0
-245 -219 -294 -270 0
-225 -245 -270 -300 0
-250 -220 -295 -275 0
-222 -246 -271 -297 0
-247 -221 -296 -272 0
-223 -247 -272 -298 0
-248 -222 -297 -273 0
-224 -248 -273 -299 0
-249 -223 -298 -274 0
-225 -249 -274 -300 0
-250 -224 -299 -275 0
-256 -276 -301 -331 0
-281 -251 -326 -306 0
-252 -276 -301 -327 0
-277 -251 -326 -302 0
-257 -277 -302 -332 0
-282 -252 -327 -307 0
-253 -277 -302 -328 0
-278 -252 -327 -303 0
-258 -278 -303 -333 0
-283 -253 -328 -308 0
-254 -278 -303 -329 0
-279 -253 -328 -304 0
-259 -279 -304 -334 0
-284 -254 -329 -309 0
-255 -279 -304 -330 0
-280 -254 -329 -305 0
-260 -280 -305 -335 0
-285 -255 -330 -310 0
-261 -281 -306 -336 0
-286 -256 -331 -311 0
-257 -281 -306 -332 0
-282 -256 -331 -307 0
-262 -282 -307 -337 0
-287 -257 -332 -312 0
-258 -282 -307 -333 0
-283 -257 -332 -308 0
-263 -283 -308 -338 0
-288 -258 -333 -313 0
-259 -283 -308 -334 0
-284 -258 -333 -309 0
-264 -284 -309 -339 0
-289 -259 -334 -314 0
-260 -284 -309 -335 0
-285 -259 -334 -310 0
-265 -285 -310 -340 0
-290 -260 -335 -315 0
-266 -286 -311 -341 0
-291 -261 -336 -316 0
-262 -286 -311 -337 0
-287 -261 -336 -312 0
-267 -287 -312 -342 0
-292 -262 -337 -317 0
-263 -287 -312 -338 0
-288 -262 -337 -313 0
-268 -288 -313 -343 0
-293 -263 -338 -318 0
-264 -288 -313 -339 0
-289 -263 -338 -314 0
-269 -289 -314 -344 0
-294 -264 -339 -319 0
-265 -289 -314 -340 0
-290 -264 -339 -315 0
-270 -290 -315 -345 0
-295 -265 -340 -320 0
-271 -291 -316 -346 0
-296 -266 -341 -321 0
-267 -291 -316 -342 0
-292 -266 -341 -317 0
-272 -292 -317 -347 0
-297 -267 -342 -322 0
-268 -292 -317 -343 0
-293 -267 -342 -318 0
-273 -293 -318 -348 0
-298 -268 -343 -323 0
-269 -293 -318 -344 0
-294 -268 -343 -319 0
-274 -294 -319 -349 0
-299 -269 -344 -324 0
-270 -294 -319 -345 0
-295 -269 -344 -320 0
-275 -295 -320 -350 0
-300 -270 -345 -325 0
-272 -296 -321 -347 0
-297 -271 -346 -322 0
-273 -297 -322 -348 0
-298 -272 -347 -323 0
-274 -298 -323 -349 0
-299 -273 -348 -324 0
-275 -299 -324 -350 0
-300 -274 -349 -325 0
-306 -326 -351 -381 0
-331 -301 -376 -356 0
-302 -326 -351 -377 0
-327 -301 -376 -352 0
-307 -327 -352 -382 0
-332 -302 -377 -357 0
-303 -327 -352 -378 0
-328 -302 -377 -353 0
-308 -328 -353 -383 0
-333 -303 -378 -358 0
-304 -328 -353 -379 0
-329 -303 -378 -354 0
-309 -329 -354 -384 0
-334 -304 -379 -359 0
-305 -329 -354 -380 0
-330 -304 -379 -355 0
-310 -330 -355 -385 0
-335 -305 -380 -360 0
-311 -331 -356 -386 0
-336 -306 -381 -361 0
-307 -331 -356 -382 0
-332 -306 -381 -357 0
-312 -332 -357 -387 0
-337 -307 -382 -362 0
-308 -332 -357 -383 0
-333 -307 -382 -358 0
-313 -333 -358 -388 0
-338 -308 -383 -363 0
-309 -333 -358 -384 0
-334 -308 -383 -359 0
-314 -334 -359 -389 0
-339 -309 -384 -364 0
-310 -334 -359 -385 0
-335 -309 -384 -360 0
-315 -335 -360 -390 0
-340 -310 -385 -365 0
-316 -336 -361 -391 0
-341 -311 -386 -366 0
-312 -336 -361 -387 0
-337 -311 -386 -362 0
-317 -337 -362 -392 0
-342 -312 -387 -367 0
-313 -337 -362 -388 0
-338 -312 -387 -363 0
-318 -338 -363 -393 0
-343 -313 -388 -368 0
-314 -338 -363 -389 0
-339 -313 -388 -364 0
-319 -339 -364 -394 0
-344 -314 -389 -369 0
-315 -339 -364 -390 0
-340 -314 -389 -365 0
-320 -340 -365 -395 0
-345 -315 -390 -370 0
-321 -341 -366 -396 0
-346 -316 -391 -371 0
-317 -341 -366 -392 0
-342 -316 -391 -367 0
-322 -342 -367 -397 0
-347 -317 -392 -372 0
-318 -342 -367 -393 0
-343 -317 -392 -368 0
-323 -343 -368 -398 0
-348 -318 -393 -373 0
-319 -343 -368 -394 0
-344 -318 -393 -369 0
-324 -344 -369 -399 0
-349 -319 -394 -374 0
-320 -344 -369 -395 0
-345 -319 -394 -370 0
-325 -345 -370 -400 0
-350 -320 -395 -375 0
-322 -346 -371 -397 0
-347 -321 -396 -372 0
-323 -347 -372 -398 0
-348 -322 -397 -373 0
-324 -348 -373 -399 0
-349 -323 -398 -374 0
-325 -349 -374 -400 0
-350 -324 -399 -375 0
-356 -376 -401 -431 0
-381 -351 -426 -406 0
-352 -376 -401 -427 0
-377 -351 -426 -402 0
-357 -377 -402 -432 0
-382 -352 -427 -407 0
-353 -377 -402 -428 0
-378 -352 -427 -403 0
-358 -378 -403 -433 0
-383 -353 -428 -408 0
-354 -378 -403 -429 0
-379 -353 -428 -404 0
-359 -379 -404 -434 0
-384 -354 -429 -409 0
-355 -379 -404 -430 0
-380 -354 -429 -405 0
-360 -380 -405 -435 0
-385 -355 -430 -410 0
-361 -381 -406 -436 0
-386 -356 -431 -411 0
-357 -381 -406 -432 0
-382 -356 -431 -407 0
-362 -382 -407 -437 0
-387 -357 -432 -412 0
-358 -382 -407 -433 0
-383 -357 -432 -408 0
-363 -383 -408 -438 0
-388 -358 -433 -413 0
-359 -383 -408 -434 0
-384 -358 -433 -409 0
-364 -384 -409 -439 0
-389 -359 -434 -414 0
-360 -384 -409 -435 0
-385 -359 -434 -410 0
-365 -385 -410 -440 0
-390 -360 -435 -415 0
-366 -386 -411 -441 0
-391 -361 -436 -416 0
-362 -386 -411 -437 0
-387 -361 -436 -412 0
-367 -387 -412 -442 0
-392 -362 -437 -417 0
-363 -387 -412 -438 0
-388 -362 -437 -413 0
-368 -388 -413 -443 0
-393 -363 -438 -418 0
-364 -388 -413 -439 0
-389 -363 -438 -414 0
-369 -389 -414 -444 0
-394 -364 -439 -419 0
-365 -389 -414 -440 0
-390 -364 -439 -415 0
-370 -390 -415 -445 0
-395 -365 -440 -420 0
-371 -391 -416 -446 0
-396 -366 -441 -421 0
-367 -391 -416 -442 0
-392 -366 -441 -417 0
-372 -392 -417 -447 0
-397 -367 -442 -422 0
-368 -392 -417 -443 0
-393 -367 -442 -418 0
-373 -393 -418 -448 0
-398 -368 -443 -423 0
-369 -393 -418 -444 0
-394 -368 -443 -419 0
-374 -394 -419 -449 0
-399 -369 -444 -424 0
-370 -394 -419 -445 0
-395 -369 -444 -420 0
-375 -395 -420 -450 0
-400 -370 -445 -425 0
-372 -396 -421 -447 0
-397 -371 -446 -422 0
-373 -397 -422 -448 0
-398 -372 -447 -423 0
-374 -398 -423 -449 0
-399 -373 -448 -424 0
-375 -399 -424 -450 0
-400 -374 -449 -425 0
