constraints for motion primitives
-1 51 56 52 0
-2 52 57 53 51 0
-3 53 58 54 52 0
-4 54 59 55 53 0
-5 55 60 54 0
-6 56 61 57 51 0
-7 57 62 58 52 56 0
-8 58 63 59 53 57 0
-9 59 64 60 54 58 0
-10 60 65 55 59 0
-11 61 66 62 56 0
-12 62 67 63 57 61 0
-13 63 68 64 58 62 0
-14 64 69 65 59 63 0
-15 65 70 60 64 0
-16 66 71 67 61 0
-17 67 72 68 62 66 0
-18 68 73 69 63 67 0
-19 69 74 70 64 68 0
-20 70 75 65 69 0
-21 71 72 66 0
-22 72 73 67 71 0
-23 73 74 68 72 0
-24 74 75 69 73 0
-25 75 70 74 0
-51 101 106 102 0
-52 102 107 103 101 0
-53 103 108 104 102 0
-54 104 109 105 103 0
-55 105 110 104 0
-56 106 111 107 101 0
-57 107 112 108 102 106 0
-58 108 113 109 103 107 0
-59 109 114 110 104 108 0
-60 110 115 105 109 0
-61 111 116 112 106 0
-62 112 117 113 107 111 0
-63 113 118 114 108 112 0
-64 114 119 115 109 113 0
-65 115 120 110 114 0
-66 116 121 117 111 0
-67 117 122 118 112 116 0
-68 118 123 119 113 117 0
-69 119 124 120 114 118 0
-70 120 125 115 119 0
-71 121 122 116 0
-72 122 123 117 121 0
-73 123 124 118 122 0
-74 124 125 119 123 0
-75 125 120 124 0
-101 151 156 152 0
-102 152 157 153 151 0
-103 153 158 154 152 0
-104 154 159 155 153 0
-105 155 160 154 0
-106 156 161 157 151 0
-107 157 162 158 152 156 0
-108 158 163 159 153 157 0
-109 159 164 160 154 158 0
-110 160 165 155 159 0
-111 161 166 162 156 0
-112 162 167 163 157 161 0
-113 163 168 164 158 162 0
-114 164 169 165 159 163 0
-115 165 170 160 164 0
-116 166 171 167 161 0
-117 167 172 168 162 166 0
-118 168 173 169 163 167 0
-119 169 174 170 164 168 0
-120 170 175 165 169 0
-121 171 172 166 0
-122 172 173 167 171 0
-123 173 174 168 172 0
-124 174 175 169 173 0
-125 175 170 174 0
-151 201 206 202 0
-152 202 207 203 201 0
-153 203 208 204 202 0
-154 204 209 205 203 0
-155 205 210 204 0
-156 206 211 207 201 0
-157 207 212 208 202 206 0
-158 208 213 209 203 207 0
-159 209 214 210 204 208 0
-160 210 215 205 209 0
-161 211 216 212 206 0
-162 212 217 213 207 211 0
-163 213 218 214 208 212 0
-164 214 219 215 209 213 0
-165 215 220 210 214 0
-166 216 221 217 211 0
-167 217 222 218 212 216 0
-168 218 223 219 213 217 0
-169 219 224 220 214 218 0
-170 220 225 215 219 0
-171 221 222 216 0
-172 222 223 217 221 0
-173 223 224 218 222 0
-174 224 225 219 223 0
-175 225 220 224 0
-201 251 256 252 0
-202 252 257 253 251 0
-203 253 258 254 252 0
-204 254 259 255 253 0
-205 255 260 254 0
-206 256 261 257 251 0
-207 257 262 258 252 256 0
-208 258 263 259 253 257 0
-209 259 264 260 254 258 0
-210 260 265 255 259 0
-211 261 266 262 256 0
-212 262 267 263 257 261 0
-213 263 268 264 258 262 0
-214 264 269 265 259 263 0
-215 265 270 260 264 0
-216 266 271 267 261 0
-217 267 272 268 262 266 0
-218 268 273 269 263 267 0
-219 269 274 270 264 268 0
-220 270 275 265 269 0
-221 271 272 266 0
-222 272 273 267 271 0
-223 273 274 268 272 0
-224 274 275 269 273 0
-225 275 270 274 0
-251 301 306 302 0
-252 302 307 303 301 0
-253 303 308 304 302 0
-254 304 309 305 303 0
-255 305 310 304 0
-256 306 311 307 301 0
-257 307 312 308 302 306 0
-258 308 313 309 303 307 0
-259 309 314 310 304 308 0
-260 310 315 305 309 0
-261 311 316 312 306 0
-262 312 317 313 307 311 0
-263 313 318 314 308 312 0
-264 314 319 315 309 313 0
-265 315 320 310 314 0
-266 316 321 317 311 0
-267 317 322 318 312 316 0
-268 318 323 319 313 317 0
-269 319 324 320 314 318 0
-270 320 325 315 319 0
-271 321 322 316 0
-272 322 323 317 321 0
-273 323 324 318 322 0
-274 324 325 319 323 0
-275 325 320 324 0
-301 351 356 352 0
-302 352 357 353 351 0
-303 353 358 354 352 0
-304 354 359 355 353 0
-305 355 360 354 0
-306 356 361 357 351 0
-307 357 362 358 352 356 0
-308 358 363 359 353 357 0
-309 359 364 360 354 358 0
-310 360 365 355 359 0
-311 361 366 362 356 0
-312 362 367 363 357 361 0
-313 363 368 364 358 362 0
-314 364 369 365 359 363 0
-315 365 370 360 364 0
-316 366 371 367 361 0
-317 367 372 368 362 366 0
-318 368 373 369 363 367 0
-319 369 374 370 364 368 0
-320 370 375 365 369 0
-321 371 372 366 0
-322 372 373 367 371 0
-323 373 374 368 372 0
-324 374 375 369 373 0
-325 375 370 374 0
-351 401 406 402 0
-352 402 407 403 401 0
-353 403 408 404 402 0
-354 404 409 405 403 0
-355 405 410 404 0
-356 406 411 407 401 0
-357 407 412 408 402 406 0
-358 408 413 409 403 407 0
-359 409 414 410 404 408 0
-360 410 415 405 409 0
-361 411 416 412 406 0
-362 412 417 413 407 411 0
-363 413 418 414 408 412 0
-364 414 419 415 409 413 0
-365 415 420 410 414 0
-366 416 421 417 411 0
-367 417 422 418 412 416 0
-368 418 423 419 413 417 0
-369 419 424 420 414 418 0
-370 420 425 415 419 0
-371 421 422 416 0
-372 422 423 417 421 0
-373 423 424 418 422 0
-374 424 425 419 423 0
-375 425 420 424 0
-26 76 81 77 0
-27 77 82 78 76 0
-28 78 83 79 77 0
-29 79 84 80 78 0
-30 80 85 79 0
-31 81 86 82 76 0
-32 82 87 83 77 81 0
-33 83 88 84 78 82 0
-34 84 89 85 79 83 0
-35 85 90 80 84 0
-36 86 91 87 81 0
-37 87 92 88 82 86 0
-38 88 93 89 83 87 0
-39 89 94 90 84 88 0
-40 90 95 85 89 0
-41 91 96 92 86 0
-42 92 97 93 87 91 0
-43 93 98 94 88 92 0
-44 94 99 95 89 93 0
-45 95 100 90 94 0
-46 96 97 91 0
-47 97 98 92 96 0
-48 98 99 93 97 0
-49 99 100 94 98 0
-50 100 95 99 0
-76 126 131 127 0
-77 127 132 128 126 0
-78 128 133 129 127 0
-79 129 134 130 128 0
-80 130 135 129 0
-81 131 136 132 126 0
-82 132 137 133 127 131 0
-83 133 138 134 128 132 0
-84 134 139 135 129 133 0
-85 135 140 130 134 0
-86 136 141 137 131 0
-87 137 142 138 132 136 0
-88 138 143 139 133 137 0
-89 139 144 140 134 138 0
-90 140 145 135 139 0
-91 141 146 142 136 0
-92 142 147 143 137 141 0
-93 143 148 144 138 142 0
-94 144 149 145 139 143 0
-95 145 150 140 144 0
-96 146 147 141 0
-97 147 148 142 146 0
-98 148 149 143 147 0
-99 149 150 144 148 0
-100 150 145 149 0
-126 176 181 177 0
-127 177 182 178 176 0
-128 178 183 179 177 0
-129 179 184 180 178 0
-130 180 185 179 0
-131 181 186 182 176 0
-132 182 187 183 177 181 0
-133 183 188 184 178 182 0
-134 184 189 185 179 183 0
-135 185 190 180 184 0
-136 186 191 187 181 0
-137 187 192 188 182 186 0
-138 188 193 189 183 187 0
-139 189 194 190 184 188 0
-140 190 195 185 189 0
-141 191 196 192 186 0
-142 192 197 193 187 191 0
-143 193 198 194 188 192 0
-144 194 199 195 189 193 0
-145 195 200 190 194 0
-146 196 197 191 0
-147 197 198 192 196 0
-148 198 199 193 197 0
-149 199 200 194 198 0
-150 200 195 199 0
-176 226 231 227 0
-177 227 232 228 226 0
-178 228 233 229 227 0
-179 229 234 230 228 0
-180 230 235 229 0
-181 231 236 232 226 0
-182 232 237 233 227 231 0
-183 233 238 234 228 232 0
-184 234 239 235 229 233 0
-185 235 240 230 234 0
-186 236 241 237 231 0
-187 237 242 238 232 236 0
-188 238 243 239 233 237 0
-189 239 244 240 234 238 0
-190 240 245 235 239 0
-191 241 246 242 236 0
-192 242 247 243 237 241 0
-193 243 248 244 238 242 0
-194 244 249 245 239 243 0
-195 245 250 240 244 0
-196 246 247 241 0
-197 247 248 242 246 0
-198 248 249 243 247 0
-199 249 250 244 248 0
-200 250 245 249 0
-226 276 281 277 0
-227 277 282 278 276 0
-228 278 283 279 277 0
-229 279 284 280 278 0
-230 280 285 279 0
-231 281 286 282 276 0
-232 282 287 283 277 281 0
-233 283 288 284 278 282 0
-234 284 289 285 279 283 0
-235 285 290 280 284 0
-236 286 291 287 281 0
-237 287 292 288 282 286 0
-238 288 293 289 283 287 0
-239 289 294 290 284 288 0
-240 290 295 285 289 0
-241 291 296 292 286 0
-242 292 297 293 287 291 0
-243 293 298 294 288 292 0
-244 294 299 295 289 293 0
-245 295 300 290 294 0
-246 296 297 291 0
-247 297 298 292 296 0
-248 298 299 293 297 0
-249 299 300 294 298 0
-250 300 295 299 0
-276 326 331 327 0
-277 327 332 328 326 0
-278 328 333 329 327 0
-279 329 334 330 328 0
-280 330 335 329 0
-281 331 336 332 326 0
-282 332 337 333 327 331 0
-283 333 338 334 328 332 0
-284 334 339 335 329 333 0
-285 335 340 330 334 0
-286 336 341 337 331 0
-287 337 342 338 332 336 0
-288 338 343 339 333 337 0
-289 339 344 340 334 338 0
-290 340 345 335 339 0
-291 341 346 342 336 0
-292 342 347 343 337 341 0
-293 343 348 344 338 342 0
-294 344 349 345 339 343 0
-295 345 350 340 344 0
-296 346 347 341 0
-297 347 348 342 346 0
-298 348 349 343 347 0
-299 349 350 344 348 0
-300 350 345 349 0
-326 376 381 377 0
-327 377 382 378 376 0
-328 378 383 379 377 0
-329 379 384 380 378 0
-330 380 385 379 0
-331 381 386 382 376 0
-332 382 387 383 377 381 0
-333 383 388 384 378 382 0
-334 384 389 385 379 383 0
-335 385 390 380 384 0
-336 386 391 387 381 0
-337 387 392 388 382 386 0
-338 388 393 389 383 387 0
-339 389 394 390 384 388 0
-340 390 395 385 389 0
-341 391 396 392 386 0
-342 392 397 393 387 391 0
-343 393 398 394 388 392 0
-344 394 399 395 389 393 0
-345 395 400 390 394 0
-346 396 397 391 0
-347 397 398 392 396 0
-348 398 399 393 397 0
-349 399 400 394 398 0
-350 400 395 399 0
-376 426 431 427 0
-377 427 432 428 426 0
-378 428 433 429 427 0
-379 429 434 430 428 0
-380 430 435 429 0
-381 431 436 432 426 0
-382 432 437 433 427 431 0
-383 433 438 434 428 432 0
-384 434 439 435 429 433 0
-385 435 440 430 434 0
-386 436 441 437 431 0
-387 437 442 438 432 436 0
-388 438 443 439 433 437 0
-389 439 444 440 434 438 0
-390 440 445 435 439 0
-391 441 446 442 436 0
-392 442 447 443 437 441 0
-393 443 448 444 438 442 0
-394 444 449 445 439 443 0
-395 445 450 440 444 0
-396 446 447 441 0
-397 447 448 442 446 0
-398 448 449 443 447 0
-399 449 450 444 448 0
-400 450 445 449 0
