constraints for obstacle avoidance
-11 0
-16 0
-8 0
-18 0
-10 0
-15 0
-61 0
-66 0
-58 0
-68 0
-60 0
-65 0
-111 0
-116 0
-108 0
-118 0
-110 0
-115 0
-161 0
-166 0
-158 0
-168 0
-160 0
-165 0
-211 0
-216 0
-208 0
-218 0
-210 0
-215 0
-261 0
-266 0
-258 0
-268 0
-260 0
-265 0
-311 0
-316 0
-308 0
-318 0
-310 0
-315 0
-361 0
-366 0
-358 0
-368 0
-360 0
-365 0
-411 0
-416 0
-408 0
-418 0
-410 0
-415 0
-36 0
-41 0
-33 0
-43 0
-35 0
-40 0
-86 0
-91 0
-83 0
-93 0
-85 0
-90 0
-136 0
-141 0
-133 0
-143 0
-135 0
-140 0
-186 0
-191 0
-183 0
-193 0
-185 0
-190 0
-236 0
-241 0
-233 0
-243 0
-235 0
-240 0
-286 0
-291 0
-283 0
-293 0
-285 0
-290 0
-336 0
-341 0
-333 0
-343 0
-335 0
-340 0
-386 0
-391 0
-383 0
-393 0
-385 0
-390 0
-436 0
-441 0
-433 0
-443 0
-435 0
-440 0
