constraints for space collision avoidance
-1 -26 0
-2 -27 0
-3 -28 0
-4 -29 0
-5 -30 0
-6 -31 0
-7 -32 0
-8 -33 0
-9 -34 0
-10 -35 0
-11 -36 0
-12 -37 0
-13 -38 0
-14 -39 0
-15 -40 0
-16 -41 0
-17 -42 0
-18 -43 0
-19 -44 0
-20 -45 0
-21 -46 0
-22 -47 0
-23 -48 0
-24 -49 0
-25 -50 0
-51 -76 0
-52 -77 0
-53 -78 0
-54 -79 0
-55 -80 0
-56 -81 0
-57 -82 0
-58 -83 0
-59 -84 0
-60 -85 0
-61 -86 0
-62 -87 0
-63 -88 0
-64 -89 0
-65 -90 0
-66 -91 0
-67 -92 0
-68 -93 0
-69 -94 0
-70 -95 0
-71 -96 0
-72 -97 0
-73 -98 0
-74 -99 0
-75 -100 0
-101 -126 0
-102 -127 0
-103 -128 0
-104 -129 0
-105 -130 0
-106 -131 0
-107 -132 0
-108 -133 0
-109 -134 0
-110 -135 0
-111 -136 0
-112 -137 0
-113 -138 0
-114 -139 0
-115 -140 0
-116 -141 0
-117 -142 0
-118 -143 0
-119 -144 0
-120 -145 0
-121 -146 0
-122 -147 0
-123 -148 0
-124 -149 0
-125 -150 0
-151 -176 0
-152 -177 0
-153 -178 0
-154 -179 0
-155 -180 0
-156 -181 0
-157 -182 0
-158 -183 0
-159 -184 0
-160 -185 0
-161 -186 0
-162 -187 0
-163 -188 0
-164 -189 0
-165 -190 0
-166 -191 0
-167 -192 0
-168 -193 0
-169 -194 0
-170 -195 0
-171 -196 0
-172 -197 0
-173 -198 0
-174 -199 0
-175 -200 0
-201 -226 0
-202 -227 0
-203 -228 0
-204 -229 0
-205 -230 0
-206 -231 0
-207 -232 0
-208 -233 0
-209 -234 0
-210 -235 0
-211 -236 0
-212 -237 0
-213 -238 0
-214 -239 0
-215 -240 0
-216 -241 0
-217 -242 0
-218 -243 0
-219 -244 0
-220 -245 0
-221 -246 0
-222 -247 0
-223 -248 0
-224 -249 0
-225 -250 0
-251 -276 0
-252 -277 0
-253 -278 0
-254 -279 0
-255 -280 0
-256 -281 0
-257 -282 0
-258 -283 0
-259 -284 0
-260 -285 0
-261 -286 0
-262 -287 0
-263 -288 0
-264 -289 0
-265 -290 0
-266 -291 0
-267 -292 0
-268 -293 0
-269 -294 0
-270 -295 0
-271 -296 0
-272 -297 0
-273 -298 0
-274 -299 0
-275 -300 0
-301 -326 0
-302 -327 0
-303 -328 0
-304 -329 0
-305 -330 0
-306 -331 0
-307 -332 0
-308 -333 0
-309 -334 0
-310 -335 0
-311 -336 0
-312 -337 0
-313 -338 0
-314 -339 0
-315 -340 0
-316 -341 0
-317 -342 0
-318 -343 0
-319 -344 0
-320 -345 0
-321 -346 0
-322 -347 0
-323 -348 0
-324 -349 0
-325 -350 0
-351 -376 0
-352 -377 0
-353 -378 0
-354 -379 0
-355 -380 0
-356 -381 0
-357 -382 0
-358 -383 0
-359 -384 0
-360 -385 0
-361 -386 0
-362 -387 0
-363 -388 0
-364 -389 0
-365 -390 0
-366 -391 0
-367 -392 0
-368 -393 0
-369 -394 0
-370 -395 0
-371 -396 0
-372 -397 0
-373 -398 0
-374 -399 0
-375 -400 0
-401 -426 0
-402 -427 0
-403 -428 0
-404 -429 0
-405 -430 0
-406 -431 0
-407 -432 0
-408 -433 0
-409 -434 0
-410 -435 0
-411 -436 0
-412 -437 0
-413 -438 0
-414 -439 0
-415 -440 0
-416 -441 0
-417 -442 0
-418 -443 0
-419 -444 0
-420 -445 0
-421 -446 0
-422 -447 0
-423 -448 0
-424 -449 0
-425 -450 0
